999.997
999.997 1000.03 1
999.994
999.994 999.99 0
999.992
999.992 999.99 1
999.993
999.989
999.989 999.98 1
999.985
999.985 999.98 1
999.978
999.978 999.99 1
999.978
999.986
999.986 999.95 0
999.986
999.985
999.985 1000 1
999.98
999.98 1000 1
999.988
999.988 1000.01 1
999.984
999.988
999.988 999.92 0
999.99
999.99 999.98 0
999.978
999.978 1000.02 1
999.986
999.986 999.91 0
999.979
999.979 999.98 1
999.974
999.974 1000 1
999.976
999.976 999.97 0
999.978
999.978 999.97 0
999.973
999.971
999.98
999.979
999.979 1000 1
999.972
999.971
999.971 999.98 1
999.96
999.96 999.93 0
999.96
999.96 999.92 0
999.955
999.955 999.9 0
999.959
999.959 999.96 1
999.954
999.954 1000.02 1
999.951
999.951 999.98 1
999.947
999.947 999.94 1
999.945
999.939
999.942
999.942 999.95 1
999.953
999.953 999.96 1
999.948
999.948 999.98 1
999.952
999.952 1000.02 1
999.948
999.948 999.97 1
999.947
999.954
999.954 999.95 0
999.948
999.948 999.94 0
999.943
999.95
999.952
999.946
999.946 999.92 0
999.941
999.941 999.88 0
999.942
999.938
999.938 999.94 1
999.936
999.936 999.93 1
999.938
999.938 999.91 0
999.946
999.946 999.99 1
999.955
999.955 999.95 1
999.96
999.96 1000.01 1
999.962
999.962 999.95 0
999.962
999.962 999.96 0
999.965
999.965 999.96 0
999.961
999.961 999.96 0
999.959
999.957
999.964
999.957
999.957 999.95 1
999.955
999.955
999.955 999.93 0
999.954
999.957
999.957 999.96 1
999.956
999.956 999.92 0
999.952
999.952 1000.03 1
999.953
999.945
999.943
999.952
999.952 999.95 1
999.949
999.949 999.91 0
999.954
999.954 999.94 0
999.958
999.958 999.93 0
999.963
999.951
999.956
999.957
999.95
999.95 999.96 1
999.959
999.959 999.99 1
999.955
999.955 999.92 0
999.946
999.946 999.94 0
999.945
999.945 999.94 0
999.943
999.943 999.94 0
999.938
999.944
999.944 999.91 0
999.946
999.946 999.91 0
999.947
999.945
999.945 1000.02 1
999.944
999.944 999.96 1
999.947
999.947 999.94 1
999.956
999.956 999.94 0
999.954
999.954 999.95 0
999.952
999.952 999.95 1
999.947
999.947 999.92 0
999.949
999.944
999.944 999.9 0
999.949
999.949 999.97 1
999.944
999.943
999.943 999.93 0
999.94
999.94 999.92 0
999.936
999.936 999.84 0
999.934
999.935
999.936
999.936 999.93 0
999.929
999.929 999.93 1
999.923
999.927
999.923
999.923 999.91 0
999.925
999.925 999.98 1
999.916
999.916 999.81 0
999.902
999.902 999.9 0
999.908
999.899
999.896
999.896 999.88 0
999.893
999.893 999.92 1
999.889
999.889 999.88 0
999.883
999.883 999.87 0
999.884
999.878
999.878 999.87 1
999.881
999.881 999.87 0
999.883
999.876
999.876 999.86 0
999.877
999.877 999.87 0
999.879
999.878
999.876
999.883
999.882
999.882 999.88 1
999.878
999.878 999.87 1
999.873
999.873 999.87 0
999.871
999.877
999.874
999.874 999.87 0
999.876
999.876 999.93 1
999.866
999.866 999.86 0
999.868
999.868 999.86 1
999.871
999.871 999.84 0
999.869
999.87
999.87 999.87 0
999.869
999.869 999.84 0
999.87
999.87 999.87 1
999.871
999.871 999.86 0
999.877
999.877 999.91 1
999.881
999.884
999.884 999.92 1
999.887
999.887 999.88 0
999.88
999.88 999.93 1
999.877
999.877 999.9 1
999.881
999.881 999.88 0
999.884
999.884 999.88 0
999.889
999.889 999.87 0
999.878
999.867
999.867 999.82 0
999.875
999.875 999.9 1
999.876
999.876 999.87 1
999.878
999.878 999.87 1
999.875
999.875 999.84 0
999.875
999.875 999.85 0
999.874
999.884
999.883
999.883 999.9 1
999.883
999.883 999.88 1
999.875
999.875 999.86 0
999.874
999.865
999.872
999.872 999.9 1
999.867
999.867 999.86 1
999.863
999.87
999.87 999.82 0
999.866
999.866 999.86 1
999.864
999.864 999.94 1
999.865
999.865 999.86 1
999.865
999.865 999.79 0
999.866
999.866 999.8 0
999.867
999.867 999.89 1
999.871
999.871 999.87 0
999.87
999.865
999.865 999.87 1
999.86
999.851
999.851 999.85 1
999.848
999.854
999.854 999.82 0
999.854
999.854 999.85 1
999.86
999.86 999.83 0
999.869
999.869 999.89 1
999.867
999.866
999.866 999.84 0
999.86
999.868
999.871
999.863
999.863 999.86 0
999.865
999.865 999.86 0
999.857
999.857 999.85 1
999.855
999.852
999.852 999.84 0
999.855
999.864
999.867
999.87
999.87 999.84 0
999.87
999.87 999.89 1
999.878
999.878 999.72 0
999.875
999.878
999.878 999.83 0
999.872
999.874
999.872
999.87
999.87 999.87 1
999.87
999.87 999.86 0
999.872
999.872 999.86 0
999.869
999.869 999.88 1
999.867
999.867 999.86 0
999.86
999.86 999.86 1
999.855
999.855 999.89 1
999.853
999.853 999.87 1
999.857
999.857 999.76 0
999.854
999.854 999.77 0
999.854
999.854 999.85 0
999.845
999.841
999.841 999.81 0
999.838
999.838 999.9 1
999.833
999.833 999.77 0
999.834
999.835
999.835 999.8 0
999.839
999.839 999.83 1
999.837
999.837 999.83 1
999.832
999.832 999.84 1
999.829
999.829 999.82 0
999.823
999.832
999.827
999.827
999.83
999.83 999.84 1
999.826
999.828
999.833
999.833 999.83 0
999.839
999.833
999.833 999.81 0
999.828
999.828 999.83 1
999.834
999.834 999.84 1
999.831
999.831 999.83 1
999.83
999.83 999.84 1
999.835
999.835 999.83 0
999.834
999.834 999.87 1
999.829
999.829 999.82 1
999.829
999.829 999.86 1
999.829
999.829 999.82 0
999.83
999.822
999.822 999.78 0
999.824
999.825
999.825 999.77 0
999.82
999.82 999.8 0
999.824
999.824 999.86 1
999.825
999.825 999.83 1
999.814
999.814 999.84 1
999.805
999.806
999.813
999.813 999.81 1
999.809
999.809 999.78 0
999.807
999.807
999.802
999.802 999.75 0
999.801
999.801 999.79 0
999.816
999.816 999.82 1
999.817
999.817 999.81 0
999.811
999.814
999.812
999.812 999.83 1
999.816
999.816 999.81 0
999.813
999.813 999.81 0
999.818
999.818 999.83 1
999.824
999.823
999.823 999.8 0
999.81
999.81
999.81 999.85 1
999.803
999.797
999.797 999.82 1
999.798
999.798 999.76 0
999.785
999.785 999.78 1
999.784
999.784 999.76 0
999.785
999.785 999.78 1
999.785
999.781
999.787
999.781
999.781 999.78 0
999.789
999.789 999.78 0
999.788
999.788 999.7 0
999.783
999.782
999.782 999.77 0
999.781
999.781 999.77 0
999.776
999.769
999.769 999.76 1
999.761
999.761 999.76 1
999.758
999.758 999.75 0
999.761
999.765
999.765
999.768
999.768 999.77 1
999.762
999.762 999.77 1
999.765
999.765 999.8 1
999.761
999.761 999.75 0
999.758
999.757
999.757 999.74 0
999.753
999.753 999.69 0
999.757
999.757 999.71 0
999.763
999.763 999.76 0
999.763
999.763 999.76 1
999.768
999.768 999.76 1
999.772
999.772 999.77 0
999.778
999.778 999.82 1
999.784
999.784 999.78 0
999.783
999.781
999.781 999.8 1
999.787
999.787 999.76 0
999.785
999.785 999.76 0
999.791
999.791 999.79 1
999.786
999.786 999.8 1
999.786
999.786 999.75 0
999.785
999.785 999.69 0
999.786
999.786 999.79 1
999.788
999.788 999.82 1
999.79
999.79 999.78 1
999.788
999.788 999.76 0
999.785
999.785 999.73 0
999.786
999.786 999.77 0
999.783
999.783 999.78 1
999.785
999.785 999.74 0
999.786
999.78
999.78 999.76 0
999.781
999.781 999.84 1
999.789
999.789
999.789 999.8 1
999.784
999.784 999.79 1
999.782
999.782 999.78 1
999.782
999.782 999.82 1
999.774
999.787
999.787 999.78 1
999.782
999.783
999.783 999.76 0
999.79
999.785
999.785 999.88 1
999.786
999.786 999.78 0
999.78
999.78 999.78 1
999.787
999.787 999.76 0
999.78
999.78 999.75 0
999.77
999.77 999.77 0
999.776
999.776 999.82 1
999.774
999.773
999.773 999.83 1
999.77
999.77 999.76 1
999.765
999.765 999.75 0
999.768
999.767
999.767 999.76 0
999.766
999.766 999.76 0
999.769
999.769 999.78 1
999.772
999.766
999.767
999.767 999.74 0
999.765
999.765 999.75 0
999.77
999.77 999.74 0
999.774
999.774 999.72 0
999.776
999.776 999.77 0
999.785
999.785 999.81 1
999.786
999.786 999.79 1
999.796
999.796 999.79 0
999.795
999.792
999.792 999.76 0
999.786
999.786 999.79 1
999.785
999.785 999.7 0
999.793
999.793 999.83 1
999.784
999.784 999.81 1
999.793
999.793 999.78 0
999.79
999.79 999.78 0
999.799
999.799 999.82 1
999.798
999.798 999.78 0
999.813
999.813 999.85 1
999.814
999.814 999.8 0
999.817
999.817 999.8 0
999.815
999.819
999.822
999.822 999.87 1
999.821
999.821 999.82 1
999.821
999.827
999.827 999.83 1
999.829
999.83
999.83 999.82 0
999.822
999.83
999.83 999.87 1
999.834
999.834 999.85 1
999.833
999.834
999.834 999.85 1
999.832
999.832
999.832 999.79 0
999.826
999.826 999.82 0
999.826
999.828
999.827
999.827 999.8 0
999.828
999.828 999.82 0
999.824
999.824 999.82 0
999.829
999.829 999.84 1
999.827
999.826
999.826 999.91 1
999.83
999.83 999.81 0
999.823
999.824
999.824 999.85 1
999.822
999.822 999.8 0
999.823
999.823 999.83 1
999.81
999.81 999.85 1
999.814
999.814 999.81 1
999.803
999.803 999.78 0
999.806
999.803
999.803 999.76 0
999.805
999.805 999.78 0
999.802
999.802 999.8 1
999.803
999.801
999.801 999.85 1
999.801
999.796
999.796 999.81 1
999.801
999.797
999.797 999.81 1
999.797
999.797 999.83 1
999.804
999.799
999.8
999.796
999.796 999.81 1
999.793
999.793 999.79 1
999.8
999.8 999.8 0
999.797
999.797 999.79 0
999.803
999.803 999.79 0
999.794
999.794 999.85 1
999.79
999.791
999.791 999.76 0
999.789
999.789 999.76 0
999.794
999.794 999.78 0
999.801
999.801 999.77 0
999.789
999.789 999.79 1
999.783
999.783 999.71 0
999.779
999.785
999.785 999.8 1
999.785
999.783
999.784
999.784 999.75 0
999.787
999.787 999.78 1
999.774
999.775
999.775 999.78 1
999.789
999.793
999.793 999.77 0
999.802
999.802 999.8 0
999.798
999.809
999.814
999.814 999.87 1
999.816
999.816 999.85 1
999.814
999.812
999.812 999.78 0
999.809
999.809 999.77 0
999.809
999.809 999.83 1
999.816
999.816 999.81 1
999.812
999.813
999.813 999.77 0
999.823
999.823 999.83 1
999.824
999.828
999.828 999.82 1
999.83
999.83 999.72 0
999.832
999.832 999.83 1
999.835
999.835 999.82 0
999.83
999.83 999.86 1
999.826
999.822
999.822 999.82 1
999.832
999.832 999.85 1
999.829
999.829 999.78 0
999.828
999.828 999.79 0
999.832
999.832 999.84 1
999.828
999.828
999.828 999.77 0
999.825
999.826
999.826 999.79 0
999.822
999.822 999.83 1
999.823
999.823 999.81 0
999.831
999.831 999.83 0
999.838
999.838 999.75 0
999.839
999.839 999.81 0
999.847
999.847 999.79 0
999.843
999.847
999.847 999.9 1
999.84
999.84 999.84 1
999.83
999.83 999.84 1
999.826
999.82
999.82 999.82 0
999.819
999.824
999.824
999.824 999.82 1
999.831
999.831 999.82 0
999.835
999.835 999.91 1
999.837
999.837 999.84 1
999.836
999.834
999.834 999.83 1
999.84
999.843
999.848
999.857
999.857
999.857 999.85 1
999.863
999.865
999.865 999.84 0
999.863
999.863 999.86 1
999.86
999.86 999.83 0
999.851
999.851 999.85 1
999.855
999.855 999.86 1
999.858
999.864
999.862
999.859
999.858
999.858 999.83 0
999.856
999.856 999.92 1
999.852
999.862
999.862 999.9 1
999.87
999.87 999.86 1
999.87
999.87 999.8 0
999.876
999.876 999.84 0
999.884
999.874
999.874 999.94 1
999.876
999.876 999.85 0
999.878
999.878 999.99 1
999.874
999.879
999.874
999.874 999.86 0
999.868
999.874
999.874 999.87 1
999.872
999.872 999.77 0
999.882
999.882 999.85 0
999.886
999.886 999.88 1
999.883
999.883 999.88 1
999.88
999.88
999.88 999.88 0
999.881
999.881 999.84 0
999.88
999.884
999.884 999.88 1
999.886
999.886 999.88 1
999.891
999.894
999.894 999.89 0
999.893
999.895
999.895 999.9 1
999.896
999.896 1000.01 1
999.895
999.895 999.91 1
999.896
999.889
999.889 999.78 0
999.882
999.882 999.85 0
999.875
999.875 999.82 0
999.87
999.878
999.878 999.86 0
999.882
999.882 999.88 0
999.877
999.88
999.88 999.9 1
999.879
999.874
999.874 999.87 0
999.872
999.879
999.879 999.89 1
999.872
999.872 999.84 0
999.87
999.87
999.87 999.85 0
999.87
999.87 999.86 0
999.866
999.873
999.873 999.86 0
999.874
999.88
999.876
999.876 999.87 0
999.875
999.875 999.86 0
999.877
999.877
999.877 999.91 1
999.884
999.884 999.86 0
999.884
999.884 999.87 0
999.889
999.889 999.89 1
999.894
999.894 999.89 1
999.906
999.906
999.906 999.93 1
999.897
999.897 999.89 0
999.903
999.903 1000.02 1
999.897
999.9
999.9 999.87 0
999.903
999.903 999.85 0
999.911
999.911 999.86 0
999.906
999.906 999.95 1
999.899
999.899 999.91 1
999.9
999.901
999.901 999.93 1
999.899
999.899 999.89 0
999.895
999.895 999.91 1
999.89
999.898
999.899
999.899 999.89 1
999.895
999.895 999.9 1
999.906
999.906 999.84 0
999.906
999.906
999.906 999.9 0
999.899
999.906
999.904
999.902
999.902 999.88 0
999.914
999.914 999.9 0
999.918
999.918 999.88 0
999.927
999.927 999.92 0
999.932
999.929
999.935
999.935 999.96 1
999.941
999.941 999.86 0
999.944
999.944 999.95 1
999.94
999.936
999.936 1000.04 1
999.939
999.939 999.94 1
999.942
999.942 999.93 0
999.944
999.944 999.89 0
999.948
999.948 999.96 1
999.949
999.949 999.92 0
999.948
999.948 1000 1
999.948
999.948 999.97 1
999.949
999.949 999.92 0
999.948
999.948 999.94 0
999.944
999.94
999.94 999.98 1
999.943
999.943 999.91 0
999.941
999.944
999.95
999.95 999.93 0
999.959
999.959 999.94 0
999.958
999.958 999.95 0
999.956
999.956 999.99 1
999.962
999.962 1000 1
999.964
999.964 999.95 0
999.969
999.969 999.96 0
999.967
999.967 999.97 1
999.967
999.967 999.96 0
999.964
999.964 1000.02 1
999.959
999.954
999.949
999.94
999.94 999.92 0
999.941
999.944
999.944 999.92 0
999.945
999.945 999.94 0
999.935
999.939
999.939 999.85 0
999.94
999.94 999.91 0
999.949
999.942
999.942 999.94 0
999.941
999.941 999.94 0
999.946
999.947
999.952
999.952 999.95 0
999.957
999.957 999.93 0
999.958
999.958 999.95 0
999.953
999.952
999.952 999.95 0
999.957
999.957 999.95 0
999.96
999.96 999.92 0
999.954
999.954
999.954 999.92 0
999.953
999.953 999.93 0
999.954
999.954 999.96 1
999.954
999.944
999.944 1000 1
999.95
999.95 999.94 1
999.955
999.955 999.95 0
999.953
999.95
999.95 999.94 1
999.943
999.943 999.93 0
999.938
999.942
999.942 999.95 1
999.952
999.952 1000 1
999.964
999.964
999.964 999.94 0
999.968
999.968 999.98 1
999.973
999.973 999.97 1
999.978
999.978 999.97 1
999.974
999.974 999.99 1
999.98
999.98 999.91 0
999.977
999.977 999.97 1
999.978
999.978 999.96 0
999.972
999.972 999.94 0
999.98
999.977
999.973
999.973 999.96 0
999.965
999.97
999.976
999.976 999.99 1
999.984
999.976
999.972
999.979
999.979
999.974
999.974 999.97 0
999.967
999.967 999.94 0
999.96
999.96 999.96 0
999.958
999.958 999.98 1
999.957
999.95
999.95 999.96 1
999.945
999.945 999.94 0
999.954
999.954 999.95 1
999.954
999.954 999.95 0
999.951
999.951 999.93 0
999.948
999.948 999.98 1
999.944
999.944 999.99 1
999.947
999.947 999.89 0
999.945
999.945 999.93 0
999.943
999.943 999.87 0
999.941
999.93
999.93 999.91 0
999.925
999.925 999.92 0
999.924
999.924 1000.02 1
999.923
999.926
999.926 999.91 0
999.939
999.939 999.91 0
999.947
999.947 999.94 1
999.946
999.946 1000.05 1
999.943
999.943 999.95 1
999.943
999.943 999.93 0
999.945
999.945 999.94 1
999.948
999.943
999.943 999.96 1
999.943
999.943 999.94 0
999.942
999.942 999.94 0
999.938
999.938 999.93 1
999.939
999.939 999.92 0
999.934
999.934 999.92 0
999.937
999.937 999.97 1
999.935
999.935
999.935 999.93 1
999.937
999.943
999.943 999.94 1
999.943
999.942
999.942 999.96 1
999.95
999.95 999.88 0
999.957
999.957 999.95 1
999.958
999.958 999.94 0
999.953
999.953 999.96 1
999.948
999.948 1000 1
999.953
999.953 999.93 0
999.949
999.949 1000.02 1
999.947
999.948
999.948 999.94 1
999.951
999.951 999.95 1
999.959
999.964
999.96
999.96 999.96 1
999.958
999.957
999.957 999.93 0
999.953
999.953 999.95 0
999.951
999.951 999.95 1
999.946
999.946 999.96 1
999.942
999.942 999.94 0
999.93
999.928
999.935
999.935 999.93 1
999.932
999.934
999.941
999.941 999.92 0
999.942
999.934
999.942
999.942 999.94 0
999.939
999.939 999.94 1
999.934
999.936
999.936 999.96 1
999.937
999.937 999.93 1
999.936
999.936 999.94 1
999.928
999.928 999.89 0
999.922
999.92
999.92 999.94 1
999.913
999.913 999.91 0
999.914
999.914 999.95 1
999.915
999.91
999.91 999.91 0
999.907
999.907 999.87 0
999.907
999.907 999.87 0
999.909
999.909 999.93 1
999.903
999.903 999.89 0
999.9
999.906
999.906 999.84 0
999.906
999.905
999.901
999.901 999.9 1
999.895
999.895 999.8 0
999.893
999.9
999.9 999.89 0
999.908
999.906
999.902
999.904
999.904 999.95 1
999.898
999.898 999.89 1
999.897
999.897 999.93 1
999.902
999.902 999.9 1
999.896
999.896 999.83 0
999.891
999.891 999.92 1
999.892
999.892 999.89 0
999.894
999.892
999.891
999.891 999.88 0
999.893
999.893 999.94 1
999.884
999.884 999.9 1
999.887
999.896
999.896 999.89 0
999.891
999.889
999.899
999.899 999.93 1
999.901
999.909
999.909
999.909 999.9 0
999.912
999.907
999.909
999.909 999.94 1
999.907
999.907 999.85 0
999.909
999.909 999.87 0
999.904
999.906
999.908
999.908 999.94 1
999.919
999.919 999.91 1
999.918
999.918 999.96 1
999.92
999.92 999.93 1
999.92
999.92 999.91 0
999.926
999.926 999.92 0
999.924
999.924 1000.08 1
999.915
999.914
999.915
999.906
999.906
999.906
999.906 999.85 0
999.91
999.91 999.94 1
999.912
999.912 999.96 1
999.904
999.904 999.92 1
999.896
999.896 999.89 0
999.89
999.89 999.89 1
999.894
999.894 999.89 0
999.892
999.896
999.898
999.898 999.89 1
999.909
999.909 999.84 0
999.904
999.904 999.88 0
999.909
999.913
999.913 999.9 0
999.913
999.913 999.91 1
999.907
999.907 999.84 0
999.91
999.91 999.9 0
999.911
999.911 999.91 1
999.922
999.922 999.93 1
999.918
999.918 999.9 0
999.909
999.909 999.9 1
999.917
999.917 999.97 1
999.908
999.908 999.9 0
999.911
999.907
999.907
999.907 999.91 1
999.897
999.897 999.89 0
999.892
999.892
999.899
999.899 999.93 1
999.904
999.904 999.92 1
999.897
999.897 999.93 1
999.906
999.906 999.89 0
999.917
999.911
999.911 999.94 1
999.906
999.906 999.93 1
999.901
999.901 999.91 1
999.902
999.914
999.914 999.91 0
999.912
999.912 999.93 1
999.915
999.915 999.91 0
999.917
999.917 999.89 0
999.919
999.919 999.94 1
999.922
999.922 999.89 0
999.923
999.917
999.917 999.88 0
999.916
999.911
999.911 999.91 0
999.911
999.91
999.921
999.918
999.918 999.94 1
999.914
999.914 999.9 0
999.915
999.914
999.914 999.9 0
999.914
999.917
999.917 999.87 0
999.918
999.913
999.913 999.9 0
999.901
999.901 999.95 1
999.894
999.894 999.92 1
999.889
999.889 999.9 1
999.895
999.907
999.907 999.95 1
999.914
999.908
999.906
999.906 999.9 1
999.905
999.9
999.9 999.97 1
999.902
999.894
999.894 999.97 1
999.89
999.89 999.83 0
999.894
999.9
999.9 999.9 1
999.904
999.897
999.897 999.95 1
999.896
999.896 999.89 1
999.905
999.905 999.87 0
999.902
999.902 999.9 0
999.901
999.901 999.91 1
999.903
999.903 999.89 0
999.902
999.902 999.88 0
999.9
999.906
999.906 999.86 0
999.908
999.908 999.9 0
999.908
999.907
999.903
999.903 999.93 1
999.896
999.896 999.86 0
999.896
999.896 999.87 0
999.898
999.896
999.896 999.89 1
999.905
999.905 999.91 1
999.9
999.897
999.897 999.89 0
999.897
999.903
999.901
999.898
999.898 999.87 0
999.899
999.903
999.904
999.904 999.9 0
999.903
999.903 999.87 0
999.907
999.907 999.88 0
999.898
999.898 999.89 0
999.904
999.904 999.93 1
999.897
999.897 999.92 1
999.895
999.897
999.905
999.905 999.9 1
999.897
999.897 999.89 0
999.902
999.902 999.91 1
999.901
999.898
999.897
999.897 999.79 0
999.898
999.898 999.89 0
999.896
999.896 999.98 1
999.896
999.896 999.88 0
999.904
999.904 999.88 0
999.892
999.892 999.99 1
999.893
999.893 999.9 1
999.886
999.886 999.88 1
999.885
999.885 999.88 0
999.893
999.888
999.888 999.92 1
999.889
999.889 999.99 1
999.888
999.888 999.86 0
999.885
999.885 999.9 1
999.882
999.882 999.92 1
999.886
999.886 999.88 1
999.887
999.887 999.88 1
999.885
999.885 999.86 0
999.893
999.893 999.78 0
999.894
999.895
999.9
999.9 999.9 1
999.896
999.896 999.84 0
999.892
999.892 999.89 1
999.889
999.889 999.73 0
999.89
999.89 999.88 0
999.895
999.895 999.95 1
999.905
999.903
999.903 999.89 0
999.903
999.903 999.64 0
999.9
999.897
999.897 999.84 0
999.9
999.9
999.901
999.896
999.896 999.95 1
999.899
999.899 999.84 0
999.89
999.89 999.88 0
999.888
999.888 999.84 0
999.888
999.888 999.89 1
999.882
999.882 999.89 1
999.885
999.885 999.87 0
999.888
999.888 999.88 0
999.895
999.895 999.83 0
999.895
999.886
999.886 999.76 0
999.882
999.882 999.89 1
999.889
999.889 999.88 1
999.879
999.879 999.87 1
999.887
999.887 999.89 1
999.891
999.891 999.9 1
999.882
999.882 999.88 0
999.877
999.877 999.86 0
999.878
999.878 999.87 0
999.883
999.883 999.94 1
999.882
999.888
999.888 999.81 0
999.884
999.884 999.88 1
999.874
999.874 999.88 1
999.875
999.875 999.8 0
999.883
999.883 999.89 1
999.877
999.877 999.85 0
999.878
999.878 999.92 1
999.881
999.881 999.88 0
999.884
999.884 999.98 1
999.882
999.891
999.891 999.89 0
999.89
999.89 999.86 0
999.887
999.895
999.895 999.9 1
999.889
999.889 999.88 0
999.89
999.89 999.9 1
999.897
999.897 999.89 1
999.901
999.901 999.91 1
999.904
999.904 999.96 1
999.903
999.903 999.9 0
999.897
999.897 999.89 1
999.906
999.906 999.88 0
999.896
999.895
999.895 999.86 0
999.897
999.897 999.89 0
999.895
999.895 999.85 0
999.896
999.893
999.9
999.9 999.83 0
999.909
999.909 999.97 1
999.905
999.905 999.94 1
999.905
999.905 999.91 1
999.907
999.907 999.9 0
999.913
999.913 999.92 1
999.916
999.922
999.922 999.92 1
999.912
999.912 999.93 1
999.914
999.911
999.911 999.93 1
999.916
999.916 999.97 1
999.917
999.917
999.917 999.91 0
999.919
999.919 999.94 1
999.911
999.903
999.903 999.89 0
999.899
999.901
999.901 999.92 1
999.897
999.897 999.89 0
999.904
999.908
999.908
999.917
999.918
999.918 999.91 0
999.908
999.907
999.907 999.95 1
999.907
999.907 999.89 0
999.904
999.904 999.91 1
999.907
999.91
999.91 999.93 1
999.913
999.913 999.91 1
999.91
999.91 999.91 0
999.92
999.92 999.94 1
999.922
999.922 999.92 1
999.927
999.927 999.95 1
999.935
999.937
999.937 999.93 1
999.939
999.939 999.93 1
999.938
999.943
999.943 1000.02 1
999.942
999.942 999.94 1
999.946
999.946 999.93 0
999.947
999.947 999.94 1
999.951
999.944
999.944 999.92 0
999.934
999.938
999.938 999.97 1
999.936
999.936 999.93 0
999.931
999.932
999.932 999.91 0
999.937
999.937 999.92 0
999.94
999.94 999.95 1
999.944
999.944 999.88 0
999.945
999.944
999.944 999.9 0
999.944
999.949
999.949 999.95 1
999.952
999.952
999.952 999.94 0
999.956
999.956 999.96 1
999.953
999.948
999.948 999.93 0
999.949
999.949 999.96 1
999.959
999.959 999.95 0
999.951
999.947
999.947 999.99 1
999.947
999.945
999.945 999.78 0
999.945
999.943
999.943 999.94 0
999.935
999.935 999.95 1
999.93
999.93 999.93 1
999.924
999.924 999.89 0
999.921
999.925
999.925 999.92 0
999.931
999.931 999.92 0
999.93
999.944
999.944 999.97 1
999.953
999.961
999.961 999.94 0
999.959
999.959 999.94 0
999.961
999.961 999.9 0
999.966
999.974
999.974 999.97 1
999.974
999.974 999.93 0
999.97
999.97 999.9 0
999.97
999.97 1000 1
999.964
999.964 999.95 0
999.97
999.97 999.99 1
999.969
999.969 999.95 0
999.983
999.983 999.95 0
999.976
999.976 999.97 0
999.975
999.975 1000.01 1
999.98
999.982
999.975
999.975 999.96 0
999.975
999.975 999.93 0
999.975
999.975 999.97 0
999.973
999.973 999.98 1
999.975
999.975 999.94 0
999.971
999.971 999.99 1
999.981
999.981 1000.01 1
999.986
999.986
999.978
999.978 999.88 0
999.975
999.975 999.98 1
999.973
999.976
999.976 1000.01 1
999.985
999.987
999.987 999.97 0
999.986
999.986 999.98 1
999.997
999.997 999.97 0
999.999
1000
1000 1000.05 1
1000
1000 999.99 0
1000
1000 1000 1
999.998
999.998 1000.01 1
1000
1000 999.94 0
1000.01
1000
1000 1000 1
1000
1000 999.99 0
1000
1000 999.95 0
1000
1000 999.97 0
1000.01
1000.01 1000 0
1000.01
1000.01 1000 0
1000.01
1000.01 1000 1
1000.02
1000.02 1000.01 1
1000.02
1000.02 1000 0
1000.03
1000.03 1000.02 0
1000.02
1000.02 1000.02 1
1000.02
1000.02 1000.02 0
1000.02
1000.02 1000.01 0
1000.02
1000.02 999.97 0
1000.01
1000.01 999.99 0
1000.02
1000.02 999.97 0
1000.01
1000.01 1000.01 1
1000.01
1000.01 1000.01 0
1000.02
1000.02
1000.02
1000.02 1000.01 0
1000.02
1000.02 1000.02 1
1000.02
1000.02 999.98 0
1000.01
1000.02
1000.02
1000.02 1000.01 1
1000.02
1000.02 1000.01 0
1000.01
1000.01 999.95 0
1000.01
1000.01
1000.01
1000
1000 1000.04 1
999.997
999.998
999.998 1000.04 1
999.998
999.994
999.984
999.984 1000 1
999.989
999.981
999.982
999.984
999.984 999.99 1
999.99
999.989
999.98
999.98 999.92 0
999.979
999.979 1000 1
999.975
999.975 999.93 0
999.975
999.975 999.97 0
999.971
999.971 999.97 1
999.978
999.978 999.88 0
999.974
999.974 999.94 0
999.973
999.981
999.981 999.99 1
999.979
999.979 999.97 0
999.982
999.982 999.97 0
999.988
999.996
999.982
999.982 1000.01 1
999.98
999.978
999.978 1000.01 1
999.982
999.983
999.983 1000.06 1
999.986
999.986 999.98 0
999.991
999.991 1000.01 1
999.992
999.992 999.99 1
999.99
999.99 999.98 1
999.991
999.991 999.98 0
999.998
999.993
999.993 999.98 0
1000
1000 1000.01 1
1000
999.997
999.994
999.994 999.97 0
999.995
999.995 999.99 0
999.995
999.995 999.93 0
999.991
999.991 1000 1
999.994
999.994 999.99 0
999.993
999.993 999.99 1
999.997
999.997 999.98 0
1000
1000 999.96 0
1000.01
1000.01
1000.01
1000.01 999.99 0
1000.01
1000.01 1000.02 1
1000.01
1000.01 1000.02 1
1000.01
1000.01 1000 1
1000.01
1000
1000.01
1000.01 1000 1
1000.01
1000.01 999.99 0
1000.01
1000.01 999.97 0
999.995
999.995 999.95 0
999.996
999.997
1000
1000 1000.02 1
1000
999.995
999.995 999.99 1
999.996
1000
1000 1000 0
1000
1000
1000.01
1000.01
1000.02
1000.02 1000.02 1
1000.02
1000.01
1000.01 1000 0
1000.02
1000.02 1000.02 1
1000.01
1000.01 1000.01 0
1000.01
1000.01 1000.04 1
1000.01
1000
1000 1000.08 1
1000.01
1000.01 999.98 0
1000.01
1000.01 999.99 0
1000.01
1000.01 999.99 0
1000
1000 1000.02 1
1000.01
1000.01 999.98 0
1000.02
1000.02 1000 0
1000.01
1000.01 999.97 0
1000.01
1000.01 999.96 0
1000
1000 999.97 0
1000.01
1000.01 1000.04 1
1000.01
1000.01 1000.01 1
1000
1000 1000.01 1
1000
1000 999.91 0
1000
1000
1000 1000.02 1
1000.01
1000.01 999.98 0
1000.02
1000.02 1000 0
1000.01
1000.01 1000.04 1
1000.01
1000.01 1000 0
1000
1000.01
1000.01 999.97 0
1000.02
1000.02 1000.05 1
1000.02
1000.02 1000.02 1
1000.02
1000.02 1000.01 0
1000.02
1000.02 1000.07 1
1000.01
1000.01 1000.01 0
1000.01
1000.01 1000.01 0
1000.01
1000.01
1000.01 999.96 0
1000.02
1000.02 1000 0
1000.02
1000.02 999.97 0
1000.02
1000.01
1000.01 1000.02 1
1000
1000 1000.03 1
999.991
999.991 1000.04 1
999.985
999.978
999.977
999.977 999.97 0
999.98
999.968
999.967
999.973
999.967
999.967 999.96 0
999.966
999.966 999.96 0
999.967
999.967 999.95 0
999.962
999.962 999.95 0
999.953
999.953 999.95 0
999.952
999.95
999.95 999.96 1
999.947
999.947 999.94 1
999.961
999.965
999.962
999.962 999.97 1
999.962
999.965
999.965 999.86 0
999.967
999.967 1000.01 1
999.973
999.973 1000 1
999.972
999.98
999.98 999.93 0
999.988
999.988 1000.03 1
999.983
999.992
999.992 1000 1
999.995
999.995 999.96 0
999.99
999.982
999.982 999.98 0
999.979
999.981
999.981 999.96 0
999.978
999.978 999.97 0
999.977
999.973
999.973 1000.02 1
999.967
999.967 999.94 0
999.969
999.969 999.98 1
999.978
999.984
999.984 999.98 0
999.978
999.978 999.99 1
999.973
999.974
999.974 999.91 0
999.973
999.973 999.97 1
999.968
999.968 999.96 0
999.965
999.965 999.96 1
999.963
999.965
999.969
999.969 999.99 1
999.969
999.976
999.975
999.975 999.97 0
999.969
999.969 999.97 1
999.977
999.977 999.92 0
999.977
999.977 1000.04 1
999.978
999.978 1000.06 1
999.973
999.973 999.95 0
999.971
999.971 999.97 1
999.969
999.972
999.972 999.97 0
999.965
999.965 1000.02 1
999.968
999.972
999.972 999.97 1
999.973
999.963
999.967
999.973
999.973 999.93 0
999.975
999.975 999.96 0
999.971
999.971 999.96 0
999.969
999.969 1000.06 1
999.97
999.97 999.96 0
999.974
999.974 999.93 0
999.976
999.975
999.975 999.96 0
999.971
999.971 999.96 0
999.973
999.973
999.974
999.974 999.94 0
999.974
999.974 999.95 0
999.976
999.976 999.96 0
999.965
999.965 1000 1
999.961
999.961 999.98 1
999.963
999.963 1000.01 1
999.959
999.958
999.948
999.948 999.91 0
999.962
999.963
999.963 999.96 0
999.956
999.956 1000.03 1
999.956
999.956 999.94 0
999.955
999.948
999.948 999.94 0
999.953
999.952
999.952 999.92 0
999.955
999.947
999.946
999.946 999.97 1
999.944
999.944 1000.05 1
999.942
999.941
999.94
999.944
999.944 999.94 1
999.95
999.95 999.94 0
999.938
999.928
999.928 999.96 1
999.928
999.928 999.92 1
999.927
999.927 999.92 1
999.936
999.936 999.93 1
999.938
999.938 999.96 1
999.943
999.943 999.85 0
999.942
999.942 999.86 0
999.95
999.95 999.94 1
999.95
999.95 999.89 0
999.946
999.946 1000.02 1
999.95
999.95 999.95 0
999.953
999.953 999.88 0
999.953
999.953 999.96 1
999.952
999.952 999.92 0
999.953
999.953 999.95 1
999.955
999.955 999.95 0
999.949
999.949 999.91 0
999.959
999.959 999.95 0
999.965
999.965 999.99 1
999.962
999.957
999.957 999.91 0
999.958
999.958 999.9 0
999.955
999.955 999.96 1
999.953
999.953 999.95 0
999.95
999.957
999.962
999.97
999.974
999.974 999.97 1
999.977
999.977 999.99 1
999.982
999.989
999.989 999.98 0
999.984
999.984 999.98 1
999.985
999.985 1000.03 1
999.987
999.99
999.984
999.984 999.88 0
999.991
999.989
999.989 999.97 0
999.991
999.984
999.984 999.97 0
999.989
999.989 999.98 0
999.975
999.975 999.95 0
999.979
999.979 999.97 1
999.98
999.98 1000 1
999.991
999.991 1000.02 1
999.988
999.988 999.9 0
999.984
999.984 999.98 0
999.984
999.984 999.98 0
999.986
999.986 999.99 1
999.986
999.986 999.98 0
999.984
999.987
999.987 1000 1
999.988
999.988 1000 1
999.996
999.997
999.997 1000 1
999.999
999.999 999.95 0
999.997
999.997 999.96 0
1000
1000 999.99 0
999.999
999.999 999.99 1
1000
1000 1000 0
1000
1000 1000.08 1
1000.01
1000.02
1000.02 1000 0
1000.01
1000.01 1000.04 1
1000.01
1000.01 1000.03 1
1000.01
1000.01
1000.01 1000.02 1
1000.01
1000.01
1000.01 1000.04 1
999.999
999.999 999.99 1
999.999
999.996
999.993
999.993 1000.01 1
999.995
999.995 1000 1
1000
1000 1000 0
1000.01
1000.01 999.94 0
1000.01
1000.01 1000.05 1
1000.01
1000.01 1000.05 1
1000.02
1000.02
1000.02 1000.08 1
1000.02
1000.02 1000.02 1
1000.03
1000.03 1000 0
1000.03
1000.03
1000.03
1000.03 1000.02 1
1000.03
1000.03 1000.02 0
1000.03
1000.03 1000.04 1
1000.03
1000.03
1000.02
1000.02 1000.01 0
1000.02
1000.02 1000.02 1
1000.02
1000.02 1000.01 0
1000.02
1000.02
1000.02 1000.02 0
1000.02
1000.02 1000.02 1
1000.02
1000.02 999.99 0
1000.01
1000.01 999.99 0
1000.01
1000.01 1000.06 1
1000.01
1000.01 1000.11 1
1000.02
1000.02 1000.02 1
1000.02
1000.02 1000.06 1
1000.02
1000.02 1000.07 1
1000.02
1000.02 999.95 0
1000.03
1000.03 1000.03 1
1000.03
1000.02
1000.02 1000.04 1
1000.02
1000.02 1000.01 0
1000.01
1000.01 1000.02 1
1000.01
1000.01 1000 0
1000.01
1000.01 999.99 0
1000.01
1000.01 1000 0
1000.01
1000.01 1000.02 1
1000.01
1000.01
1000.01 1000 1
1000.01
1000.01 1000.01 1
1000
1000 1000.01 1
999.997
999.997 999.99 0
999.994
999.994 999.93 0
999.995
999.995 999.98 0
999.997
999.997 999.99 0
999.994
999.984
999.985
999.985 1000 1
999.981
999.986
999.986 999.91 0
999.985
999.985 999.98 0
999.978
999.976
999.976 999.97 1
999.969
999.972
999.972 999.96 0
999.973
999.972
999.972 999.99 1
999.975
999.975 1000.01 1
999.974
999.975
999.979
999.979 999.92 0
999.973
999.973 1000.01 1
999.979
999.97
999.97 999.94 0
999.973
999.973 1000.02 1
999.981
999.981 999.99 1
999.984
999.99
999.99 999.98 0
999.983
999.985
999.985 999.98 1
999.984
999.969
999.969 999.9 0
999.973
999.97
999.97
999.97 1000 1
999.963
999.963 999.95 0
999.967
999.972
999.975
999.975 999.98 1
999.976
999.976 999.97 1
999.973
999.973 999.96 0
999.975
999.975 999.95 0
999.98
999.98 999.98 0
999.977
999.977 999.98 1
999.978
999.978 1000 1
999.98
999.978
999.977
999.983
999.983 999.96 0
999.981
999.981 999.98 0
999.974
999.974 1000 1
999.968
999.968 1000.01 1
999.971
999.971 999.96 0
999.969
999.969 999.99 1
999.978
999.978 999.96 0
999.973
999.973 999.97 0
999.963
999.963
999.963 999.94 0
999.957
999.957 999.94 0
999.952
999.952 999.99 1
999.953
999.953 999.95 1
999.95
999.95 999.95 1
999.94
999.938
999.938 1000.01 1
999.942
999.942 999.96 1
999.945
999.945 999.99 1
999.948
999.948 999.89 0
999.943
999.943 999.93 0
999.943
999.943 999.96 1
999.954
999.954 999.98 1
999.951
999.951 999.96 1
999.955
999.955 999.97 1
999.954
999.954 999.95 0
999.958
999.958 999.95 0
999.968
999.968 999.96 0
999.968
999.968 999.96 1
999.964
999.962
999.962 999.97 1
999.968
999.968 999.93 0
999.972
999.972 999.97 1
999.97
999.97 999.98 1
999.974
999.974 999.99 1
999.977
999.977 999.98 1
999.975
999.975 999.98 1
999.973
999.972
999.972 999.97 1
999.974
999.971
999.977
999.973
999.976
999.976 1000 1
999.977
999.977 999.97 1
999.981
999.981 999.94 0
999.98
999.982
999.989
999.991
999.991 999.96 0
999.992
999.995
999.995 1000.04 1
999.994
999.998
1000.01
999.998
999.993
999.993 1000.01 1
999.989
999.989 1000 1
999.989
999.989 999.96 0
999.976
999.976 999.91 0
999.979
999.979 999.92 0
999.974
999.974 999.89 0
999.971
999.977
999.977 999.96 0
999.975
999.975 999.99 1
999.963
999.963 999.96 0
999.964
999.968
999.966
999.969
999.969
999.969 999.93 0
999.972
999.969
999.969 999.94 0
999.964
999.973
999.973 999.9 0
999.973
999.973 999.96 0
999.976
999.987
999.988
999.988 999.99 1
999.983
999.983 999.98 0
999.989
999.989 1000.02 1
999.99
999.986
999.986 1000.09 1
999.98
999.98
999.98 999.99 1
999.98
999.98 999.98 1
999.978
999.981
999.988
999.988 999.98 0
999.991
999.991 999.99 0
999.993
999.993 1000.03 1
999.992
999.992 999.94 0
999.995
999.988
999.988
999.988 999.98 1
999.983
999.991
999.991 999.95 0
999.989
999.986
999.986 999.91 0
999.988
999.988 999.98 1
999.991
999.991 999.98 0
999.99
999.99 999.99 1
999.984
999.984 999.97 0
999.983
999.983 1000.01 1
999.983
999.983 1000.01 1
999.979
999.979 999.98 1
999.972
999.972 999.92 0
999.97
999.97 999.99 1
999.975
999.975 1000.01 1
999.972
999.972 999.99 1
999.971
999.971 999.97 1
999.965
999.96
999.96 999.93 0
999.958
999.958 999.95 1
999.952
999.957
999.957 999.98 1
999.961
999.962
999.962 999.96 1
999.963
999.963 999.95 0
999.972
999.972 999.97 0
999.968
999.964
999.964 999.87 0
999.97
999.97 999.99 1
999.968
999.968 999.94 0
999.971
999.971 999.99 1
999.97
999.971
999.977
999.978
999.978 999.97 0
999.974
999.974 999.96 0
999.969
999.969 999.95 0
999.967
999.971
999.971 1000.03 1
999.969
999.969 999.98 1
999.972
999.972 999.97 1
999.977
999.973
999.973 999.92 0
999.976
999.976 999.88 0
999.976
999.991
999.991 999.97 0
999.989
999.989 999.98 0
999.978
999.978 999.98 1
999.979
999.98
999.98 999.98 0
999.978
999.982
999.988
999.988 999.98 1
999.986
999.986 999.98 1
999.98
999.98 999.98 0
999.979
999.979 999.93 0
999.976
999.977
999.977 999.97 1
999.984
999.984 999.98 0
999.984
999.984 999.98 1
999.981
999.981 999.95 0
999.975
999.975 1000.02 1
999.969
999.969 999.97 1
999.967
999.967 999.94 0
999.968
999.968 999.96 0
999.962
999.962 1000.03 1
999.968
999.968 999.93 0
999.963
999.963 999.86 0
999.967
999.967 999.96 1
999.978
999.983
999.983 999.98 0
999.992
999.992 999.99 1
999.988
999.988 999.98 1
999.991
999.989
999.989 1000 1
999.991
999.988
999.988 1000.02 1
999.984
999.983
999.983 1000.01 1
999.987
999.987 1000.06 1
999.988
999.988 999.92 0
999.985
999.985 1000.05 1
999.977
999.977
999.977 999.97 0
999.972
999.972 999.96 0
999.971
999.971 999.98 1
999.964
999.964 999.96 0
999.967
999.967 999.89 0
999.966
999.966 999.99 1
999.957
999.956
999.956 999.94 0
999.954
999.954 999.95 0
999.954
999.954 999.96 1
999.96
999.96 999.96 1
999.968
999.968 999.98 1
999.967
999.967 999.91 0
999.968
999.968 1000.01 1
999.97
999.97 999.97 1
999.967
999.967 1000.01 1
999.97
999.97 999.95 0
999.978
999.985
999.985 999.98 0
999.981
999.981 1000.01 1
999.979
999.979 999.94 0
999.976
999.976 999.97 0
999.98
999.98 999.98 0
999.977
999.977 999.89 0
999.972
999.972 999.97 0
999.976
999.976 999.95 0
999.983
999.983 999.98 1
999.982
999.982 999.96 0
999.984
999.984 1000.01 1
999.991
999.991 1000.01 1
999.997
999.997 999.99 1
999.999
999.987
999.99
999.99 999.96 0
1000
1000 1000.05 1
1000
1000 999.97 0
1000
1000.01
1000.01 1000 1
1000
1000
1000 1000.01 1
999.995
999.995 999.97 0
999.994
1000
1000.01
999.996
999.996
1000
1000 999.95 0
1000
1000 1000 0
1000.01
1000
1000.01
1000.01 999.97 0
1000.01
1000.01 1000.01 1
1000.01
1000
999.999
999.999 999.95 0
1000
1000 1000 0
1000.01
1000
1000.01
1000.01 1000.04 1
1000.01
1000.01 1000 1
1000.01
1000.01
1000.01 1000.02 1
1000.01
1000.01 1000.03 1
1000.01
1000.01
1000.02
1000.02 1000.01 0
1000
1000 1000.02 1
1000.01
1000.01 999.98 0
1000.01
1000
1000 1000.01 1
999.998
999.998 999.99 0
999.998
1000.01
1000.01 1000 1
1000.01
1000.01 999.98 0
1000.01
1000.01
1000.01
1000.01
1000.01 999.94 0
1000.01
1000.01 1000.17 1
1000.02
1000.02
1000.02 999.96 0
1000.02
1000.02 999.94 0
1000.03
1000.03 1000.02 1
1000.02
1000.02 1000.02 1
1000.03
1000.03 1000.02 1
1000.02
1000.02 1000.01 1
1000.01
1000.01 999.99 0
1000.01
1000.01 1000 0
1000.01
1000.01
1000.01 1000 0
1000.01
1000.01 1000.01 1
1000.01
1000.01 999.97 0
1000.01
1000.01 999.96 0
1000
1000
1000 999.89 0
1000.01
1000.01 1000.01 0
1000.02
1000.02 1000.04 1
1000.01
1000.01 1000.04 1
1000.01
1000.01 1000.02 1
1000.01
1000
1000 1000 1
999.999
999.999 999.99 0
1000
1000.01
1000.01 1000.08 1
1000
1000 1000.02 1
1000
999.997
999.997 1000 1
999.997
999.997 1000.03 1
999.997
999.993
999.993 999.98 0
999.989
999.989 999.98 0
999.991
999.991 999.95 0
999.981
999.977
999.977 1000.02 1
999.978
999.978 999.98 1
999.971
999.973
999.973 1000.03 1
999.965
999.965 999.96 0
999.974
999.974 999.99 1
999.964
999.964 999.96 1
999.968
999.979
999.983
999.983 999.97 0
999.991
999.995
999.995 999.97 0
999.99
999.99 1000.02 1
999.991
999.991 999.99 0
999.99
999.99 999.98 0
999.992
999.992 999.99 1
999.995
999.995 1000.05 1
1000
1000 1000.01 1
1000
999.991
999.991 1000 1
1000
1000 1000.02 1
1000
1000
1000.01
1000.01 999.98 0
1000.01
1000.01 1000 1
1000
999.997
999.997 1000.01 1
1000.01
1000.01 1000 0
1000.01
1000.01 1000.01 0
1000.01
1000.01 999.97 0
1000.01
1000.01
1000.01
1000
1000 1000 0
1000.01
1000.01 1000.03 1
1000.01
1000.01 1000 1
999.998
999.993
999.993 1000 1
999.997
999.997 1000.01 1
999.996
999.991
999.991 1000.12 1
999.994
999.994 999.99 0
999.996
999.995
999.995 1000 1
1000
1000 1000.01 1
1000
1000
999.998
999.998
999.998 999.96 0
1000.01
1000.01
1000.01 1000.04 1
1000.01
1000
1000
1000
1000 1000.02 1
999.994
999.994 1000.01 1
999.996
999.997
999.998
999.998 1000.03 1
999.991
999.991 1000.04 1
999.994
999.987
999.987
999.987 999.97 0
999.983
999.974
999.971
999.96
999.964
999.964 999.94 0
999.971
999.96
999.96 999.87 0
999.957
999.95
999.95 999.93 0
999.949
999.949 1000.01 1
999.958
999.953
999.953 999.91 0
999.957
999.957 999.94 0
999.953
999.953 999.96 1
999.953
999.953 999.9 0
999.942
999.942 1000.03 1
999.948
999.951
999.951 999.95 1
999.953
999.953 999.98 1
999.952
999.952 999.94 0
999.954
999.951
999.951 999.92 0
999.953
999.947
999.944
999.941
999.947
999.951
999.951 999.95 0
999.957
999.957 999.96 1
999.964
999.967
999.972
999.972 999.9 0
999.97
999.97
999.97 999.96 0
999.977
999.977 999.97 0
999.973
999.973 999.97 1
999.972
999.964
999.962
999.962 999.93 0
999.972
999.972 999.93 0
999.97
999.973
999.973 999.97 1
999.972
999.972 1000.05 1
999.97
999.97 999.99 1
999.97
999.97 999.97 0
999.975
999.975 999.99 1
999.977
999.977
999.972
999.972 999.96 0
999.97
999.97 999.99 1
999.972
999.972 999.97 1
999.975
999.967
999.961
999.961 999.96 1
999.958
999.958 999.97 1
999.957
999.957 999.96 1
999.953
999.953 999.92 0
999.962
999.965
999.965 999.98 1
999.969
999.969 1000 1
999.97
999.97 999.98 1
999.974
999.974 999.93 0
999.979
999.979
999.979 1000.01 1
999.981
999.981
999.977
999.977 1000.03 1
999.969
999.969 999.96 0
999.971
999.971 999.97 0
999.971
999.967
999.967 999.95 0
999.977
999.975
999.975 999.97 1
999.984
999.984 999.93 0
999.984
999.984 999.97 0
999.985
999.98
999.979
999.982
999.99
999.984
999.984 999.96 0
999.989
999.989 999.99 1
999.985
999.985 999.98 1
999.979
999.979 999.97 1
999.979
999.979 999.98 1
999.98
999.98 999.96 0
999.976
999.978
999.978 999.97 0
999.979
999.979 999.98 1
999.979
999.979 1000.01 1
999.977
999.977 999.96 0
999.966
999.966 999.96 0
999.96
999.96 999.97 1
999.969
999.969 999.96 0
999.97
999.97 999.97 1
999.964
999.966
999.966 1000.05 1
999.958
999.958 1000.03 1
999.95
999.954
999.954 999.95 0
999.955
999.949
999.949 999.92 0
999.949
999.949 999.96 1
999.95
999.95 1000.02 1
999.944
999.944 999.94 0
999.944
999.944 999.9 0
999.943
999.945
999.951
999.953
999.953 999.94 0
999.954
999.954 999.95 1
999.963
999.963 999.95 0
999.958
999.958 999.95 0
999.962
999.962 999.96 0
999.963
999.963 999.96 0
999.961
999.972
999.972 999.93 0
999.973
999.973 999.99 1
999.983
999.983 999.85 0
999.979
999.979 999.97 0
999.986
999.986 999.98 0
999.982
999.982 999.98 1
999.977
999.976
999.976 999.88 0
999.973
999.973 999.96 0
999.975
999.975 999.97 0
999.973
999.973 1000 1
999.969
999.979
999.974
999.974 999.94 0
999.975
999.983
999.983 999.98 1
999.977
999.98
999.98 999.97 0
999.986
999.986 999.98 1
999.987
999.987 999.96 0
999.99
999.99 999.99 0
999.991
999.991 999.98 0
999.999
999.987
999.987 1000 1
999.99
999.994
999.994 999.99 1
999.992
999.982
999.989
999.989 999.96 0
999.989
999.989 999.98 1
999.99
999.99 999.98 0
999.991
999.991 999.98 0
999.99
999.99 999.9 0
999.992
999.992 1000 1
999.983
999.983 999.98 1
999.99
999.99 999.98 1
999.994
999.994 999.93 0
999.994
999.994 999.98 0
999.994
999.994 1000.02 1
999.994
999.994 999.99 0
999.991
999.991 999.99 1
999.987
999.987 999.93 0
999.991
999.991 1000.01 1
999.996
999.996 1000.04 1
999.993
999.993 1000.03 1
999.994
999.994 999.98 0
999.984
999.984 999.88 0
999.99
999.993
999.997
999.997 999.99 1
999.991
999.999
999.999 999.93 0
999.994
999.994 999.99 1
999.989
999.992
999.992 999.99 0
999.99
999.99 1000.03 1
999.991
999.991 1000.05 1
999.981
999.981 999.98 0
999.988
999.991
999.991
999.992
999.992 1000 1
999.986
999.988
999.988 999.98 1
999.993
999.993 999.99 0
999.986
999.994
999.994 999.99 1
999.99
999.99 999.92 0
999.984
999.984 1000.02 1
999.986
999.989
999.988
999.988 999.99 1
999.983
999.983 999.98 0
999.987
999.987 999.93 0
999.989
999.989 999.99 1
999.998
999.998 999.96 0
999.997
999.997 999.99 1
999.997
999.997 999.99 0
1000
1000
1000 999.98 0
1000.01
1000
1000 1000.04 1
1000.01
1000.01 1000 1
1000
1000.01
1000.01 1000.06 1
1000.02
1000.02 1000.01 0
1000.02
1000.02 1000.02 1
1000.02
1000.02 1000.02 1
1000.02
1000.02
1000.02 1000.03 1
1000.02
1000.02 1000 0
1000.02
1000.03
1000.03 1000.05 1
1000.03
1000.03
1000.03
1000.03
1000.03 1000.04 1
1000.03
1000.03 1000.02 0
1000.02
1000.02 1000.08 1
1000.02
1000.02
1000.02 999.98 0
1000.02
1000.02 1000.11 1
1000.03
1000.03
1000.03 1000.02 1
1000.02
1000.02
1000.02 1000 0
1000.02
1000.02 1000.01 0
1000.03
1000.03 1000.14 1
1000.03
1000.03 999.96 0
1000.03
1000.03 1000.1 1
1000.04
1000.04 1000.04 1
1000.04
1000.04 1000.05 1
1000.04
1000.04 1000.04 0
1000.05
1000.05 1000.05 1
1000.05
1000.05 1000.04 0
1000.05
1000.05 1000.05 1
1000.06
1000.06 1000.05 1
1000.06
1000.06 1000 0
1000.05
1000.06
1000.06 1000.05 0
1000.05
1000.05 1000.06 1
1000.06
1000.06 1000.03 0
1000.05
1000.05 1000.03 0
1000.05
1000.05
1000.05 1000.13 1
1000.05
1000.06
1000.06 1000.03 0
1000.07
1000.07 1000.15 1
1000.07
1000.07 1000.05 0
1000.07
1000.07 1000.09 1
1000.06
1000.06 999.94 0
1000.07
1000.06
1000.06 1000.13 1
1000.07
1000.07 1000.05 0
1000.07
1000.06
1000.06 999.99 0
1000.05
1000.05 1000.07 1
1000.06
1000.06 1000.13 1
1000.06
1000.06 1000.08 1
1000.06
1000.06 1000.08 1
1000.05
1000.05 1000.03 0
1000.05
1000.05 1000.04 0
1000.05
1000.05 1000.03 0
1000.05
1000.04
1000.04 1000.03 0
1000.03
1000.03 1000.01 0
1000.04
1000.05
1000.05
1000.05
1000.05
1000.05 1000.03 0
1000.05
1000.05 999.99 0
1000.04
1000.05
1000.05 1000.07 1
1000.04
1000.04 1000.04 0
1000.05
1000.05
1000.05
1000.05 1000.03 0
1000.05
1000.05 1000.05 1
1000.04
1000.04 1000.08 1
1000.04
1000.04 1000.03 0
1000.03
1000.02
1000.02 999.94 0
1000.02
1000.02
1000.02 1000.08 1
1000.02
1000.02 1000.03 1
1000.02
1000.02 1000.03 1
1000.02
1000.02 1000.02 0
1000.02
1000.02 1000.02 1
1000.03
1000.02
1000.02
1000.02 1000.02 0
1000.02
1000.02 1000 0
1000.03
1000.03 1000.07 1
1000.03
1000.03 1000.02 0
1000.03
1000.03
1000.03
1000.03 999.95 0
1000.03
1000.03 1000.03 1
1000.03
1000.03 1000.03 0
1000.03
1000.03 1000.07 1
1000.03
1000.03 1000.02 1
1000.03
1000.03 1000.03 0
1000.04
1000.04
1000.04 1000.03 1
1000.04
1000.04 1000.04 0
1000.04
1000.04 1000.04 0
1000.04
1000.04 1000.03 1
1000.04
1000.04 1000.06 1
1000.05
1000.05 1000.02 0
1000.05
1000.05
1000.05 1000.01 0
1000.04
1000.04 1000.06 1
1000.06
1000.06 1000.06 1
1000.06
1000.06 1000.08 1
1000.06
1000.06 1000.05 0
1000.06
1000.06 1000.13 1
1000.07
1000.07 1000.06 0
1000.06
1000.06
1000.06 1000.07 1
1000.06
1000.06 1000.05 0
1000.06
1000.06 1000.02 0
1000.07
1000.07 1000.03 0
1000.07
1000.07 1000.05 0
1000.07
1000.07 1000.02 0
1000.06
1000.05
1000.06
1000.07
1000.07 1000.05 0
1000.06
1000.06 1000.06 0
1000.05
1000.05 1000.03 0
1000.06
1000.06
1000.06
1000.06 1000.05 0
1000.05
1000.05
1000.05 1000.05 1
1000.04
1000.04 1000.04 1
1000.05
1000.05 1000.03 0
1000.05
1000.05
1000.05 1000.01 0
1000.04
1000.04 1000.01 0
1000.04
1000.04 999.99 0
1000.03
1000.03 1000.04 1
1000.03
1000.03 1000.02 1
1000.02
1000.02 1000.02 0
1000.02
1000.02 999.98 0
1000.01
1000.01 1000.03 1
1000.02
1000.02 1000.09 1
1000.02
1000.02 1000.13 1
1000.02
1000.02 1000.02 1
1000.02
1000.02 1000.04 1
1000.02
1000.02 1000.01 1
1000.03
1000.02
1000.02 1000.05 1
1000.02
1000.02 1000.02 1
1000.02
1000.02 1000.01 0
1000.02
1000.02 1000.01 0
1000.02
1000.02
1000.02 1000.04 1
1000.02
1000.02 1000.01 1
1000.02
1000.02
1000.02 1000.03 1
1000
1000 1000.06 1
1000.01
1000.01 1000.01 1
1000.01
1000.01 1000.02 1
1000
999.996
999.996 999.99 1
999.995
999.995 999.9 0
999.995
999.996
999.996 999.99 1
999.987
999.98
999.98 999.93 0
999.98
999.98 999.95 0
999.975
999.973
999.973 999.98 1
999.972
999.972 999.99 1
999.97
999.976
999.979
999.979 999.96 0
999.976
999.976 999.97 0
999.979
999.979 1000.04 1
999.979
999.975
999.975 999.84 0
999.981
999.981 999.98 0
999.987
999.987 999.87 0
999.984
999.984 999.95 0
999.981
999.981
999.974
999.974 999.86 0
999.973
999.973 999.98 1
999.966
999.966 999.97 1
999.962
999.962
999.962 1000.05 1
999.958
999.965
999.965 999.96 0
999.955
999.959
999.959 999.96 1
999.958
999.957
999.957 999.95 0
999.96
999.965
999.961
999.961 999.96 1
999.961
999.961 999.95 0
999.954
999.962
999.962 999.98 1
999.974
999.974 999.97 1
999.968
999.974
999.974 999.94 0
999.965
999.965 999.99 1
999.962
999.959
999.959 999.95 1
999.953
999.953 999.97 1
999.95
999.95
999.95 999.96 1
999.959
999.959 999.93 0
999.962
999.967
999.967 999.96 1
999.955
999.955 999.95 0
999.957
999.957 999.96 1
999.961
999.964
999.964 999.96 0
999.965
999.966
999.966 999.94 0
999.965
999.965 999.92 0
999.959
999.957
999.955
999.955 999.95 1
999.95
999.948
999.948 999.93 0
999.944
999.944 999.99 1
999.947
999.947 999.97 1
999.941
999.94
999.946
999.953
999.953 999.95 1
999.958
999.958 999.93 0
999.952
999.952 999.95 0
999.95
999.95 999.95 1
999.948
999.948 1000.04 1
999.954
999.959
999.959 999.94 0
999.954
999.946
999.946 999.84 0
999.947
999.944
999.942
999.942 999.93 0
999.941
999.94
999.94 999.85 0
999.935
999.935 999.99 1
999.93
999.93 999.9 0
999.93
999.93 999.93 1
999.93
999.934
999.93
999.93 999.93 1
999.925
999.925 999.92 1
999.932
999.921
999.916
999.916 999.95 1
999.917
999.917 999.88 0
999.917
999.917 999.92 1
999.92
999.92 999.86 0
999.909
999.911
999.91
999.91 999.89 0
999.908
999.91
999.91 999.94 1
999.913
999.912
999.912 999.91 0
999.917
999.909
999.909 999.9 1
999.909
999.909 999.89 0
999.904
999.904 999.91 1
999.908
999.908 999.87 0
999.902
999.902 999.9 1
999.9
999.9 999.91 1
999.895
999.895 999.95 1
999.905
999.905 999.88 0
999.909
999.909 999.9 0
999.905
999.905 999.85 0
999.9
999.9 999.86 0
999.897
999.897 999.89 0
999.891
999.891 999.9 1
999.888
999.888 999.88 0
999.895
999.89
999.89 999.88 0
999.892
999.883
999.883 999.85 0
999.889
999.889 999.88 0
999.892
999.892 999.9 1
999.876
999.876 999.87 1
999.874
999.881
999.881 999.91 1
999.881
999.881 999.83 0
999.877
999.877 999.89 1
999.877
999.877 999.85 0
999.881
999.881 999.88 1
999.873
999.873 999.9 1
999.88
999.88 999.84 0
999.873
999.873 999.97 1
999.875
999.875 999.85 0
999.878
999.878 999.86 0
999.884
999.884 999.88 1
999.874
999.874 999.9 1
999.87
999.87 999.89 1
999.87
999.87 999.87 0
999.878
999.878 999.89 1
999.872
999.88
999.88 999.87 0
999.882
999.882 999.92 1
999.871
999.868
999.868 999.71 0
999.87
999.87 999.83 0
999.877
999.877 999.87 0
999.885
999.885 999.92 1
999.879
999.888
999.888 999.88 0
999.887
999.895
999.906
999.906 999.91 1
999.902
999.902 999.9 0
999.903
999.903 999.91 1
999.892
999.897
999.895
999.895 999.89 1
999.897
999.897 999.89 0
999.893
999.887
999.888
999.888 999.89 1
999.889
999.885
999.885 999.88 0
999.885
999.885 999.88 0
999.881
999.873
999.873 999.87 0
999.864
999.864 999.88 1
999.864
999.864 999.88 1
999.863
999.87
999.87 999.87 1
999.869
999.865
999.865 999.84 0
999.862
999.862 999.84 0
999.863
999.863 999.85 0
999.871
999.871 999.87 1
999.87
999.87 999.85 0
999.865
999.865 999.82 0
999.865
999.865 999.95 1
999.861
999.861 999.85 0
999.852
999.852 999.85 1
999.854
999.854 999.85 1
999.853
999.853 999.85 0
999.852
999.852 999.81 0
999.851
999.851 999.83 0
999.853
999.853 999.85 0
999.853
999.848
999.848 999.84 1
999.849
999.848
999.848 999.85 1
999.843
999.843 999.85 1
999.844
999.844 999.82 0
999.839
999.839 999.83 0
999.84
999.846
999.843
999.843 999.72 0
999.839
999.839 999.83 0
999.831
999.836
999.836 999.83 1
999.83
999.83 999.82 0
999.839
999.839 999.88 1
999.841
999.84
999.84 999.84 0
999.837
999.837 999.83 0
999.84
999.84 999.82 0
999.841
999.841 999.89 1
999.842
999.842 999.84 0
999.842
999.842 999.84 1
999.845
999.845 999.87 1
999.842
999.842 999.77 0
999.841
999.837
999.837 999.84 1
999.84
999.829
999.829 999.79 0
999.834
999.828
999.828 999.83 1
999.83
999.83 999.86 1
999.831
999.831 999.83 1
999.836
999.827
999.827 999.92 1
999.826
999.826 999.78 0
999.824
999.82
999.822
999.823
999.823 999.93 1
999.83
999.83 999.83 1
999.824
999.826
999.828
999.827
999.827 999.82 1
999.832
999.832 999.9 1
999.827
999.827 999.82 1
999.828
999.828 999.82 1
999.827
999.823
999.828
999.828 999.77 0
999.831
999.831 999.86 1
999.83
999.83 999.85 1
999.831
999.831 999.82 0
999.824
999.824 999.82 1
999.816
999.816 999.72 0
999.824
999.83
999.83 999.83 1
999.83
999.83 999.83 1
999.829
999.839
999.839 999.85 1
999.844
999.845
999.845 999.85 1
999.851
999.851 999.87 1
999.847
999.847 999.83 0
999.853
999.853 999.85 1
999.856
999.856 999.9 1
999.85
999.85 999.87 1
999.843
999.843 999.95 1
999.848
999.848 999.91 1
999.845
999.845 999.85 1
999.849
999.849 999.84 1
999.85
999.85 999.87 1
999.842
999.842 999.81 0
999.84
999.84 1000.04 1
999.829
999.832
999.832 999.8 0
999.834
999.832
999.844
999.844 999.84 0
999.836
999.836 999.83 1
999.841
999.842
999.842 999.84 1
999.847
999.847 999.84 0
999.84
999.84 999.82 0
999.838
999.843
999.841
999.83
999.828
999.828 999.82 1
999.825
999.825 999.76 0
999.83
999.83 999.79 0
999.827
999.827 999.82 0
999.831
999.831 999.83 1
999.84
999.84 999.86 1
999.844
999.844 999.84 1
999.84
999.84 999.82 0
999.835
999.835 999.72 0
999.842
999.842 999.8 0
999.85
999.845
999.845 999.84 0
999.848
999.848 999.83 0
999.839
999.839 999.83 1
999.841
999.841 999.89 1
999.842
999.842 999.88 1
999.836
999.836 999.84 1
999.838
999.838 999.82 0
999.842
999.842 999.87 1
999.844
999.844 999.87 1
999.844
999.848
999.848 999.84 0
999.847
999.844
999.844 999.8 0
999.851
999.851 999.83 0
999.845
999.845 999.83 0
999.852
999.853
999.853 999.91 1
999.849
999.85
999.85 999.82 0
999.839
999.839 999.83 1
999.835
999.835 999.83 0
999.837
999.837 999.84 1
999.839
999.834
999.834 999.82 0
999.826
999.82
999.819
999.817
999.827
999.824
999.821
999.821 999.77 0
999.825
999.825 999.87 1
999.831
999.831 999.92 1
999.832
999.832 999.96 1
999.836
999.836 999.83 0
999.831
999.831 999.83 1
999.831
999.831 999.85 1
999.841
999.841 999.84 1
999.846
999.846 999.83 0
999.847
999.847 999.88 1
999.85
999.848
999.848 999.85 1
999.847
999.852
999.852 999.85 1
999.848
999.848 999.84 1
999.852
999.852 999.87 1
999.854
999.854 999.86 1
999.86
999.855
999.855 999.85 0
999.861
999.861 999.84 0
999.866
999.869
999.864
999.864 999.82 0
999.876
999.876 999.87 0
999.875
999.876
999.876 999.94 1
999.868
999.868 999.84 0
999.867
999.864
999.864 999.91 1
999.862
999.862 999.92 1
999.866
999.865
999.861
999.861 999.85 0
999.86
999.86 999.92 1
999.854
999.856
999.856 999.79 0
999.856
999.856 999.91 1
999.846
999.846 999.87 1
999.844
999.844 999.83 0
999.848
999.855
999.855 999.88 1
999.858
999.858 999.82 0
999.853
999.853 999.85 0
999.852
999.863
999.87
999.87 999.83 0
999.887
999.887 999.86 0
999.886
999.886 999.83 0
999.882
999.882 999.85 0
999.885
999.884
999.884 999.87 0
999.888
999.888 999.87 0
999.884
999.881
999.889
999.889 999.97 1
999.897
999.898
999.905
999.905 999.9 1
999.901
999.901 999.79 0
999.9
999.896
999.896 999.89 0
999.894
999.894 999.93 1
999.897
999.897
999.889
999.894
999.895
999.895 999.84 0
999.89
999.89 999.89 1
999.881
999.881 999.89 1
999.874
999.874 999.77 0
999.875
999.875 999.89 1
999.872
999.872 999.87 0
999.873
999.873 999.91 1
999.871
999.871 999.88 1
999.87
999.874
999.874 999.97 1
999.871
999.871 999.86 0
999.882
999.876
999.876 999.84 0
999.874
999.874 999.87 1
999.869
999.874
999.878
999.878 999.87 0
999.877
999.881
999.885
999.885 999.93 1
999.877
999.873
999.873 999.79 0
999.876
999.876 999.86 0
999.878
999.878 999.87 1
999.873
999.873 999.89 1
999.875
999.875 999.9 1
999.876
999.876 999.91 1
999.87
999.87 999.9 1
999.872
999.872 999.86 0
999.875
999.875 999.88 1
999.886
999.886 999.85 0
999.878
999.876
999.876 999.9 1
999.876
999.876 999.87 0
999.88
999.88 999.84 0
999.877
999.876
999.876 999.87 1
999.88
999.88 999.87 0
999.877
999.881
999.881 999.88 0
999.884
999.884 999.87 0
999.89
999.89 999.88 0
999.894
999.896
999.896 999.9 1
999.886
999.887
999.895
999.895 999.89 1
999.893
999.893 999.89 1
999.894
999.894 999.89 0
999.896
999.892
999.892 999.91 1
999.9
999.9 999.89 0
999.893
999.883
999.883 999.89 1
999.887
999.891
999.898
999.898 999.9 1
999.895
999.895 999.94 1
999.899
999.908
999.908 999.91 1
999.91
999.91 999.92 1
999.898
999.892
999.892 999.91 1
999.889
999.889 999.89 1
999.89
999.89 999.88 1
999.895
999.897
999.899
999.899 999.92 1
999.896
999.892
999.886
999.886 999.99 1
999.887
999.887 999.95 1
999.895
999.895 999.89 1
999.891
999.891 999.92 1
999.884
999.884 999.88 0
999.888
999.888 999.88 0
999.888
999.888 999.85 0
999.89
999.89 999.9 1
999.884
999.873
999.873 999.91 1
999.868
999.876
999.876 999.84 0
999.876
999.876 999.84 0
999.869
999.869 999.9 1
999.865
999.865 999.84 0
999.875
999.875 999.9 1
999.867
999.867 999.88 1
999.866
999.866 999.91 1
999.861
999.861 999.82 0
999.861
999.856
999.856 999.85 0
999.86
999.86 999.86 0
999.862
999.862 999.87 1
999.865
999.865 999.87 1
999.863
999.852
999.852 999.73 0
999.848
999.851
999.851 999.86 1
999.852
999.852 999.81 0
999.851
999.851 999.85 1
999.859
999.854
999.854 999.85 0
999.852
999.852 999.89 1
999.851
999.853
999.853 999.84 0
999.852
999.847
999.847 999.81 0
999.842
999.842 999.85 1
999.838
999.838 999.84 1
999.835
999.835 999.84 1
999.831
999.831 999.83 0
999.83
999.838
999.838 999.85 1
999.834
999.822
999.822 999.85 1
999.822
999.817
999.817 999.82 1
999.824
999.824 999.82 1
999.822
999.822 999.8 0
999.817
999.817 999.92 1
999.82
999.814
999.814 999.81 0
999.808
999.808 999.87 1
999.811
999.811 999.79 0
999.801
999.801 999.8 0
999.811
999.811 999.87 1
999.805
999.798
999.799
999.799 999.8 1
999.812
999.812 999.8 0
999.808
999.808 999.81 1
999.817
999.817 999.82 1
999.812
999.812 999.78 0
999.818
999.818 999.77 0
999.818
999.818 999.7 0
999.817
999.817 999.83 1
999.822
999.822 999.77 0
999.814
999.814 999.81 1
999.809
999.809
999.809 999.82 1
999.82
999.82 999.79 0
999.815
999.815 999.81 0
999.81
999.81
999.81 999.8 0
999.818
999.812
999.812 999.8 0
999.812
999.812 999.8 0
999.82
999.82 999.81 0
999.809
999.809 999.8 1
999.81
999.81 999.81 1
999.813
999.813 999.83 1
999.809
999.816
999.816 999.8 0
999.815
999.815 999.81 0
999.827
999.822
999.822 999.92 1
999.835
999.835 999.81 0
999.841
999.841 999.91 1
999.85
999.858
999.858 999.85 1
999.851
999.844
999.839
999.839 999.73 0
999.839
999.835
999.835 999.84 1
999.836
999.836 999.85 1
999.84
999.84 999.9 1
999.839
999.846
999.841
999.841 999.85 1
999.843
999.843 999.84 0
999.843
999.843 999.92 1
999.844
999.844 999.84 1
999.851
999.851 999.87 1
999.85
999.85 999.82 0
999.853
999.846
999.845
999.841
999.841 999.92 1
999.84
999.84 999.84 0
999.841
999.833
999.833 999.95 1
999.836
999.839
999.839 999.84 1
999.837
999.837 999.81 0
999.836
999.836 999.81 0
999.834
999.838
999.838 999.82 0
999.836
999.827
999.827 999.82 1
999.826
999.826 999.84 1
999.821
999.821 999.81 0
999.818
999.812
999.812 999.84 1
999.804
999.804 999.77 0
999.81
999.811
999.807
999.807 999.8 0
999.807
999.807 999.78 0
999.811
999.811 999.74 0
999.809
999.809 999.85 1
999.81
999.81 999.82 1
999.796
999.796 999.81 1
999.796
999.796 999.82 1
999.804
999.804 999.8 0
999.804
999.804 999.81 1
999.808
999.808 999.79 0
999.803
999.803 999.76 0
999.803
999.803 999.77 0
999.795
999.795 999.8 1
999.79
999.783
999.783 999.77 0
999.78
999.775
999.775 999.76 0
999.784
999.784 999.79 1
999.785
999.784
999.784 999.73 0
999.783
999.783 999.76 0
999.781
999.781
999.781 999.72 0
999.784
999.784 999.84 1
999.779
999.779 999.84 1
999.782
999.782 999.8 1
999.782
999.782 999.78 1
999.775
999.775 999.77 1
999.779
999.779 999.77 1
999.779
999.784
999.784 999.76 0
999.782
999.775
999.774
999.774 999.76 0
999.776
999.776 999.73 0
999.776
999.776 999.82 1
999.779
999.779 999.86 1
999.785
999.785 999.82 1
999.782
999.782 999.78 1
999.784
999.784 999.78 1
999.786
999.787
999.79
999.79 999.76 0
999.786
999.784
999.784 999.76 0
999.792
999.792 999.81 1
999.792
999.792 999.8 1
999.793
999.791
999.788
999.788 999.78 0
999.784
999.784 999.8 1
999.788
999.788 999.85 1
999.789
999.784
999.784 999.83 1
999.787
999.787 999.78 1
999.783
999.783 999.81 1
999.785
999.785 999.8 1
999.788
999.788 999.85 1
999.786
999.786 999.73 0
999.793
999.793 999.77 0
999.784
999.784 999.78 0
999.787
999.787 999.72 0
999.785
999.785
999.785 999.75 0
999.787
999.787 999.74 0
999.782
999.784
999.783
999.783 999.78 1
999.781
999.781 999.82 1
999.778
999.778 999.83 1
999.779
999.779 999.8 1
999.783
999.783 999.83 1
999.782
999.782 999.75 0
999.784
999.784 999.76 0
999.781
999.781 999.79 1
999.781
999.771
999.771 999.71 0
999.779
999.782
999.785
999.785 999.77 0
999.784
999.784 999.79 1
999.78
999.78 999.77 1
999.775
999.775 999.75 0
999.766
999.766 999.76 1
999.76
999.76 999.7 0
999.758
999.753
999.754
999.754 999.77 1
999.755
999.755 999.75 1
999.752
999.752 999.76 1
999.762
999.762 999.76 1
999.762
999.762 999.74 0
999.758
999.754
999.754 999.78 1
999.762
999.758
999.758 999.8 1
999.758
999.753
999.753 999.75 1
999.744
999.744 999.69 0
999.743
999.743 999.75 1
999.744
999.744 999.73 0
999.74
999.735
999.727
999.727 999.75 1
999.721
999.721 999.73 1
999.719
999.719 999.68 0
999.716
999.705
999.705 999.76 1
999.712
999.712 999.73 1
999.716
999.716 999.7 0
999.72
999.729
999.729 999.67 0
999.735
999.74
999.74 999.69 0
999.741
999.741 999.67 0
999.741
999.741 999.74 1
999.739
999.739 999.73 0
999.737
999.751
999.75
999.753
999.753 999.75 0
999.74
999.74 999.77 1
999.734
999.734 999.73 1
999.731
999.731 999.69 0
999.725
999.733
999.733 999.71 0
999.739
999.739 999.75 1
999.741
999.741 999.62 0
999.729
999.729 999.72 0
999.734
999.734 999.71 0
999.734
999.742
999.742 999.76 1
999.741
999.734
999.725
999.718
999.718
999.718 999.71 1
999.727
999.727 999.74 1
999.726
999.726 999.72 0
999.724
999.724 999.7 0
999.732
999.732 999.69 0
999.73
999.73
999.73 999.71 0
999.732
999.732 999.76 1
999.736
999.736 999.75 1
999.738
999.738 999.73 1
999.738
999.736
999.745
999.745 999.71 0
999.748
999.748 999.73 0
999.737
999.737 999.73 1
